255 0 0 255
128 0 0 255
80 0 0 255
179 33 33 255
119 44 79 255
85 0 39 255
49 0 28 255
255 135 135 255
DIV: Red and Purple

255 126 14 255
160 59 0 255
112 32 1 255
179 86 33 255
255 191 31 255
160 113 23 255
128 79 1 255
179 130 33 255
DIV: Orange and Yellow

91 120 45 255
0 90 32 255
3 54 28 255
45 54 38 255
59 88 161 255
0 35 84 255
1 17 45 255
0 88 180 255
DIV: Green and Blue

188 205 225 255
151 168 183 255
102 117 134 255
63 73 84 255
149 135 119 255
114 98 86 255
84 70 65 255
54 47 45 255
DIV: Ice and Rust

209 179 140 255
205 170 124 255
188 149 91 255
186 137 66 255
135 100 49 255
116 80 28 255
80 61 28 255
40 31 17 255
88 44 0 255
DIV: Sepia

255 255 255 255
227 227 227 255
204 202 202 255
167 167 167 255
135 135 135 255
105 105 105 255
66 66 66 255
17 17 17 255
0 0 0 255
DIV: Grayscale

223 31 0 177
255 126 14 177
255 255 62 177
124 251 0 177
135 205 249 177
28 144 255 177
237 237 237 177
17 17 17 198
255 255 255 0
DIV: Transparent

49 205 28 255
49 207 180 255
136 0 137 255
255 0 158 255
0 153 255 255
DIV: Ugly Neons
